9,89,-73,-15
0,11,-26,-93
42,38,30,1
53,4,49,38
42,83,63,-60
42,62,70,-3
67,18,21,-58
10,89,19,94
59,101,-77,67
0,19,54,-73
76,75,-10,96
7,29,-95,-25
69,65,-70,-5
40,81,41,-67
40,81,-20,-37
79,28,-48,-65
50,31,7,-45
68,93,-4,91
96,30,12,31
73,40,79,-62
6,57,61,-1
21,85,40,-11
52,15,25,8
42,53,-76,-51
98,30,6,-45
60,95,59,16
52,48,-84,-76
64,64,66,63
79,13,55,61
33,85,-49,-96
12,34,-96,33
80,62,-8,-58
29,0,-32,79
80,39,60,57
83,41,28,20
49,79,63,23
75,46,-1,-48
61,35,-55,66
60,84,-7,-8
24,81,-27,-29
22,47,-34,-80
21,47,32,-49
44,95,77,64
59,84,21,99
32,22,-20,83
32,78,18,72
81,70,27,46
23,91,-44,-8
33,83,81,-32
72,44,-62,63
6,2,66,-3
95,53,30,50
15,87,-51,-87
79,88,20,-34
11,86,-89,15
10,53,8,79
83,81,-99,-85
60,75,-95,-5
32,66,-41,-82
7,34,-48,26
62,79,-84,-82
32,33,72,87
54,96,-94,-15
43,98,-52,-62
34,64,-65,-62
61,51,55,-73
26,64,-20,-2
85,16,92,-17
55,6,-98,-36
35,18,53,-96
84,31,-81,89
5,84,-89,-4
85,42,-94,-47
78,16,38,-90
38,59,-76,52
5,37,-61,-97
96,15,89,-17
71,65,17,99
89,58,-29,54
19,87,50,16
10,20,-68,-70
16,57,-65,25
35,9,-37,-46
82,10,86,36
45,41,-69,-86
5,21,-3,-87
35,11,88,32
39,94,-61,92
81,88,24,19
33,10,-48,15
14,42,71,-77
33,99,67,-85
67,77,52,-7
9,61,-61,48
57,68,52,74
89,58,-29,-77
54,5,-75,78
25,94,74,94
30,65,-86,-54
47,45,46,16
98,19,-35,-37
97,71,-92,46
64,40,57,-21
100,32,-51,-73
80,91,87,-42
86,82,90,-9
56,11,94,87
31,66,74,-54
52,70,-84,-1
87,85,-18,-85
6,102,-40,14
15,2,-37,60
39,90,-97,67
26,74,-34,97
33,79,74,-84
71,27,83,58
83,31,-32,33
98,15,9,88
27,44,36,38
86,96,90,-15
80,67,87,-27
73,99,48,-11
12,82,95,-87
54,79,-73,21
100,55,-33,29
18,4,12,-12
72,33,79,53
42,81,-16,-99
26,91,29,20
75,26,55,58
17,86,78,45
27,54,-41,78
25,87,50,70
35,73,-66,97
100,40,-79,-55
38,82,-76,-32
16,69,78,20
85,34,13,83
22,60,6,34
38,11,32,63
42,93,4,-12
9,71,5,-55
100,3,-83,-83
68,102,48,-55
19,75,46,-7
23,49,-79,57
51,90,63,-59
32,67,-33,3
40,86,91,-51
32,98,-27,-11
48,60,27,-12
34,80,67,72
87,48,58,-78
73,76,-43,-98
18,69,-97,-41
5,30,40,3
81,82,-88,-35
75,82,-26,37
92,40,-31,-72
6,28,-75,-71
14,54,-75,-8
65,72,71,-90
51,27,-80,34
21,93,78,43
19,20,54,8
78,53,-56,48
20,49,48,93
12,6,-75,-44
34,30,81,53
54,22,63,-42
84,35,8,68
37,32,53,-96
97,14,79,49
78,51,79,30
1,90,-68,-8
54,19,56,87
26,57,88,78
56,75,-7,-6
79,77,-71,-81
82,81,27,-37
68,30,-21,-42
42,8,-38,13
1,34,-10,77
21,70,-52,67
77,37,-8,-46
57,65,73,-81
33,77,-33,95
33,28,-34,-19
74,21,-53,-96
56,102,-66,-68
12,52,96,-4
96,92,2,-9
27,31,1,33
81,56,-77,-27
3,27,76,-3
99,97,44,68
73,7,80,66
25,65,-97,23
33,85,51,28
8,99,-75,15
16,74,40,42
30,80,67,-3
88,38,-25,59
21,20,-58,8
45,33,-31,-17
34,37,25,-23
37,99,-76,38
77,65,13,-4
98,16,-77,45
24,61,11,-52
86,101,-1,-39
50,43,70,29
41,10,84,-92
31,61,88,-32
42,50,42,2
31,43,24,-57
90,61,42,-88
64,83,-21,70
42,57,51,43
12,1,78,86
62,56,59,76
46,79,-91,-66
97,19,2,86
88,25,86,34
83,89,-94,60
71,2,36,-60
99,19,-49,96
29,92,67,97
72,99,-75,-76
98,22,90,-83
52,80,-28,-83
43,11,-21,-43
80,52,-46,27
6,96,68,-63
67,50,-69,-69
53,20,-33,-8
21,12,40,-69
43,21,87,81
22,96,-55,-15
44,27,91,-37
34,23,74,32
49,35,74,-20
9,42,3,89
36,26,-10,84
52,37,-45,81
48,16,63,-43
23,25,-20,86
27,85,-97,-30
37,40,-58,23
33,44,-65,6
35,16,3,-12
57,77,45,72
39,46,32,-52
68,33,-14,-17
42,39,36,-6
56,100,98,-67
10,11,-9,36
20,78,-50,-61
18,88,61,71
64,35,7,95
90,69,-50,-53
20,88,50,-17
84,58,-53,83
75,82,55,-79
61,27,-59,63
26,56,-27,-78
98,13,-68,-20
7,101,26,15
26,5,-93,-63
32,30,-79,61
83,56,41,-51
71,62,27,25
5,61,51,13
95,4,86,-77
65,61,-26,-92
32,54,-41,27
72,102,-86,30
87,75,-81,-57
31,32,-55,81
99,51,-1,-50
5,23,4,77
7,52,96,-11
5,30,84,-36
56,0,35,64
53,78,-14,-58
73,56,72,85
24,38,40,89
88,2,13,68
30,68,-83,49
13,95,-16,90
48,27,34,89
77,80,55,-9
69,28,-39,85
19,52,-51,-80
10,28,-18,-88
85,32,80,32
55,86,11,10
64,34,52,-22
88,72,68,-4
87,22,58,-68
58,67,26,11
85,45,76,-28
39,64,-3,-29
22,97,-9,-41
5,60,40,-55
61,1,-14,-37
10,14,-2,-43
50,0,-87,40
97,8,-47,89
61,94,-70,-61
98,66,-47,23
81,66,-85,-52
76,47,-39,52
2,58,-67,-45
8,22,40,-46
87,65,-66,-14
4,6,34,-92
98,26,-19,84
45,4,77,61
86,29,38,45
27,15,57,11
20,6,-76,20
95,21,37,-46
76,90,51,-86
13,15,88,-39
48,101,77,-89
26,59,-86,-78
76,3,-53,-19
53,66,38,52
27,31,36,33
8,48,-79,-2
2,20,-26,60
77,32,-67,84
25,85,8,69
30,3,74,92
18,5,-86,-66
78,57,-56,-75
12,28,-71,52
48,60,14,-79
81,71,-81,96
64,90,-21,-60
83,89,-39,-39
15,56,71,-26
76,39,65,25
70,41,15,-28
72,40,74,-85
30,16,-48,61
30,16,-62,-94
97,18,-5,10
31,25,71,-16
98,46,-95,55
34,79,46,72
21,29,45,78
75,15,13,31
2,94,68,-10
71,44,-63,-36
82,66,-95,21
38,75,47,9
39,64,49,68
31,92,71,-62
3,15,61,-93
12,98,95,55
7,48,37,82
42,80,81,-51
10,17,12,10
72,83,76,45
73,70,80,-7
13,49,-45,-34
31,67,39,-29
41,69,-95,45
43,98,38,-96
14,11,-12,-68
1,18,9,-39
30,53,1,-25
79,17,-41,-88
48,5,7,-18
72,87,31,96
56,34,-40,2
21,11,8,60
33,99,77,10
7,20,-72,-42
14,43,14,-5
4,46,50,-1
41,66,39,75
93,100,37,-14
5,57,-32,56
36,42,-75,-99
12,28,-6,-49
68,93,-56,16
92,29,-23,-37
82,73,17,-34
85,4,78,5
4,60,-43,51
6,38,68,29
94,57,-55,-28
22,95,-93,13
66,14,-81,-65
49,74,21,-83
36,77,12,64
2,84,-37,91
49,36,-59,-49
38,79,18,45
77,91,44,66
94,11,-57,10
47,37,84,-47
15,56,-16,98
13,68,46,-74
4,4,-97,-68
27,43,-86,-58
59,9,66,27
18,51,-23,79
20,96,39,-11
23,14,-93,59
36,100,20,-7
65,52,-39,4
23,13,-44,-1
91,96,-57,-35
57,10,66,-91
79,4,62,-65
50,45,7,-20
76,81,-50,48
10,14,-68,60
9,45,-86,-26
37,59,-54,38
22,22,22,57
17,102,43,14
51,44,89,55
39,73,-76,-31
22,19,-79,-18
70,85,-78,44
74,102,-28,-89
45,87,-27,15
20,94,15,94
74,79,24,-31
85,25,-4,35
63,35,38,84
92,52,44,28
75,56,-95,3
75,18,-91,87
48,19,-21,36
68,95,-95,-65
21,53,-61,44
98,5,-20,70
3,77,-36,97
5,47,-58,-48
76,61,-95,-79
51,89,-14,-86
68,22,6,58
89,82,46,-25
68,93,14,-64
63,39,-76,6
87,100,-18,13
14,80,-37,-5
45,68,70,76
41,36,-83,55
95,67,-57,-24
45,78,56,18
37,97,18,65
81,49,82,-90
17,62,85,-2
20,93,-2,42
15,54,-6,-48
51,34,-87,-47
98,80,10,-28
32,75,74,-57
38,34,25,-72
27,39,64,-72
52,2,14,-43
9,0,-1,-4
8,96,-85,-7
27,74,-58,-5
8,8,-26,89
83,28,-88,-73
19,21,22,61
69,35,38,81
62,65,17,50
89,44,-50,-51
58,19,-7,-93
22,32,-86,-73
60,23,-84,-66
94,68,34,75
82,42,-36,-73
73,19,-21,56
62,42,73,55
60,62,-35,51
54,13,-38,-12
89,86,-1,12
93,72,60,-59
3,99,79,-89
9,58,9,46
72,33,79,1
67,30,-39,59
31,71,37,6
32,84,-89,49
93,18,82,56
60,86,-77,18
95,101,94,42
35,27,-27,59
49,46,49,1
52,4,-66,-15